****
H      1   2
S      5    3
               3.387000E+01
               5.095000E+00
               1.159000E+00
               3.258000E-01
               1.027000E-01
      6.068000E-03           0.000000E+00           0.000000E+00
      4.530800E-02           0.000000E+00           0.000000E+00
      2.028220E-01           0.000000E+00           0.000000E+00
      0.0000000E+00          1.000000E+00           0.000000E+00
      0.0000000E+00          0.000000E+00           1.000000E+00
P      2    2
               1.407000E+00
               3.880000E-01
      1.000000E+00           0.000000E+00
      0.000000E+00           1.000000E+00
D      1    1
               1.057000E+00
      1.0000000
****
O      8   3
S     10    4
               1.533000E+04
               2.299000E+03
               5.224000E+02
               1.473000E+02
               4.755000E+01
               1.676000E+01
               6.207000E+00
               6.882000E-01
               1.752000E+00
               2.384000E-01
      5.080000E-04          -1.150000E-04           0.000000E+00           0.000000E+00
      3.929000E-03          -8.950000E-04           0.000000E+00           0.000000E+00
      2.024300E-02          -4.636000E-03           0.000000E+00           0.000000E+00
      7.918100E-02          -1.872400E-02           0.000000E+00           0.000000E+00
      2.306870E-01          -5.846300E-02           0.000000E+00           0.000000E+00
      4.331180E-01          -1.364630E-01           0.000000E+00           0.000000E+00
      3.502600E-01          -1.757400E-01           0.000000E+00           0.000000E+00
     -8.154000E-03           6.034180E-01           0.000000E+00           0.000000E+00
      0.0000000E+00          0.0000000E+00          1.000000E+00           0.000000E+00
      0.0000000E+00          0.0000000E+00          0.000000E+00           1.000000E+00
P      5    3
               3.446000E+01
               7.749000E+00
               2.280000E+00
               7.156000E-01
               2.140000E-01
      1.592800E-02           0.000000E+00           0.000000E+00
      9.974000E-02           0.000000E+00           0.000000E+00
      3.104920E-01           0.000000E+00           0.000000E+00
      0.0000000E+00          1.000000E+00           0.000000E+00
      0.0000000E+00          0.000000E+00           1.000000E+00
D      2    2
               2.314000E+00
               6.450000E-01
      1.000000E+00           0.000000E+00
      0.000000E+00           1.000000E+00
F      1    1
               1.428000E+00
      1.0000000
****
